5 15 5
5 47 1 1 57 5 1 71 2 1 96 4 1 14 3 1
5 75 1 2 60 2 2 22 5 2 79 4 2 65 3 2
5 32 4 3 33 1 3 69 3 3 31 2 3 58 5 3
5 44 1 4 34 2 4 51 5 4 58 4 4 47 3 4
5 29 4 5 44 2 5 62 1 5 17 3 5 8 5 5
5 15 2 1 40 3 1 97 1 1 38 5 1 66 4 1
5 58 3 2 39 2 2 57 1 2 20 5 2 50 4 2
5 57 3 3 32 4 3 87 5 3 63 1 3 21 2 3
5 56 5 4 84 1 4 90 3 4 85 2 4 61 4 4
5 15 5 5 20 1 5 67 2 5 30 4 5 70 3 5
5 84 5 1 82 1 1 23 2 1 45 3 1 38 4 1
5 50 4 2 21 3 2 18 1 2 41 5 2 29 2 2
5 16 5 3 52 2 3 52 1 3 38 3 3 54 4 3
5 37 5 4 54 1 4 57 4 4 74 3 4 62 2 4
5 57 5 5 61 2 5 81 1 5 30 3 5 68 4 5
10 20 30 40 50
0 10 20 30 40
40 0 10 20 30
30 40 0 10 20
20 30 40 0 10
10 20 30 40 0
1 2	1 3	1 4	1 5	0
1 7	1 8	1 9	1 10 	0
1 12	1 13	1 14	1 15	0
1 17	1 18	1 19	1 20	0
1 22	1 23	1 24	1 25	0
1 27	1 28	1 29	1 30 	0
1 32	1 33	1 34	1 35	0
1 37	1 38	1 39	1 40 	0
1 42	1 43	1 44	1 45	0
1 47	1 48	1 49	1 50 	0
1 52	1 53	1 54	1 55	0
1 57	1 58	1 59	1 60 	0
1 62	1 63	1 64	1 65	0
1 67	1 68	1 69	1 70	0
1 72	1 73	1 74	1 75	0
